0 -52.9753 27.6492
1 -47.6804 27.5492
2 -42.1351 27.6492
3 -36.9409 27.5743
4 -31.645 27.5492
5 -26.4508 27.4743
6 -21.0805 27.4994
7 -15.7603 27.5243
8 -10.5401 27.5243
9 -5.27012 27.4994
10 0.124797 27.5243
11 5.39491 27.4245
12 10.665 27.4743
13 15.8101 27.4743
14 21.2301 27.4994
15 26.5501 27.5992
16 31.8702 27.6241
17 37.0153 27.4994
18 42.4853 27.5992
19 47.6554 27.6241
20 53.0752 27.6241
21 -50.1534 23.0285
22 -44.933 23.2783
23 -39.5878 23.0784
24 -34.3433 22.9786
25 -29.1228 22.9786
26 -23.7274 23.0535
27 -18.6076 22.9036
28 -13.1627 22.8786
29 -7.86768 22.9535
30 -2.59765 23.0035
31 2.79737 22.9036
32 7.99247 22.8037
33 13.2626 22.9036
34 18.5826 22.9036
35 23.7778 22.8786
36 29.1476 23.0035
37 34.4927 23.0535
38 39.6879 23.0784
39 45.0079 23.0035
40 50.3528 23.0285
41 -52.9261 18.3079
42 -47.4803 18.4329
43 -42.285 18.4078
44 -37.0153 18.3579
45 -31.6209 18.3079
46 -26.4005 18.4078
47 -21.0301 18.3079
48 -15.6604 18.3579
49 -10.5401 18.3329
50 -5.12028 18.283
51 0.0249375 18.3579
52 5.34492 18.3579
53 10.665 18.3329
54 16.035 18.4578
55 21.2301 18.258
56 26.5751 18.283
57 31.8451 18.4578
58 37.1652 18.4578
59 42.4103 18.4329
60 47.6303 18.4078
61 53.0003 18.5078
62 -50.2529 13.6373
63 -44.9581 13.862
64 -39.6884 13.7371
65 -34.3181 13.6622
66 -29.1731 13.7871
67 -23.7525 13.887
68 -18.5576 13.7871
69 -13.2376 13.7122
70 -7.8177 13.7122
71 -2.59765 13.7122
72 2.74739 13.6622
73 7.9675 13.7622
74 13.2626 13.8121
75 18.7324 13.7871
76 23.7027 13.887
77 29.1976 13.8121
78 34.4927 13.8371
79 39.6628 13.887
80 45.1077 13.8121
81 50.4028 13.862
82 -52.8506 9.1914
83 -47.5306 9.1914
84 -42.3101 9.09159
85 -36.9409 9.06651
86 -31.6209 9.09159
87 -26.3502 9.24139
88 -21.1549 9.1165
89 -15.8103 9.1165
90 -10.4652 9.16649
91 -5.29506 9.14142
92 0.0498749 9.14142
93 5.34492 9.09159
94 10.69 9.24139
95 15.8352 9.1165
96 21.33 9.01663
97 26.5501 9.14142
98 31.7203 9.21648
99 37.2151 9.26636
100 42.3354 9.29138
101 47.8052 9.26636
102 53.0752 9.26636
103 -50.1534 4.44587
104 -45.0084 4.54584
105 -39.5627 4.54584
106 -34.4176 4.44587
107 -28.9981 4.42093
108 -23.7525 4.4708
109 -18.4827 4.54584
110 -13.0129 4.57078
111 -7.84272 4.57078
112 -2.4477 4.62076
113 2.62248 4.57078
114 8.06737 4.52079
115 13.1876 4.4708
116 18.5576 4.49585
117 23.8776 4.54584
118 29.1727 4.54584
119 34.4677 4.54584
120 39.6879 4.54584
121 45.0828 4.79554
122 50.3528 4.67064
123 -52.7751 -0.0249375
124 -47.4803 -0.0998595
125 -42.2106 -0.0498749
126 -36.9157 0.0749215
127 -31.6953 0.124906
128 -26.301 0
129 -21.0553 0.0749215
130 -15.7853 0
131 -10.5652 0.0499843
132 -5.12028 0.124906
133 -0 0
134 5.34492 0.0250469
135 10.7149 -0.0249375
136 16.06 0.0499843
137 21.2801 0
138 26.6501 0.0499843
139 31.9201 0.0250469
140 37.1652 0.0499843
141 42.4602 -0.0249375
142 47.8052 0.199828
143 53.0752 0.0499843
144 -50.2026 -4.67064
145 -44.9581 -4.69557
146 -39.4883 -4.64559
147 -34.3181 -4.67064
148 -29.0473 -4.77049
149 -23.6027 -4.64559
150 -18.3579 -4.64559
151 -13.1627 -4.64559
152 -7.89271 -4.64559
153 -2.52273 -4.67064
154 2.64753 -4.64559
155 8.01749 -4.69557
156 13.4624 -4.44576
157 18.7075 -4.57067
158 23.9276 -4.67064
159 29.2726 -4.52068
160 34.5176 -4.62065
161 39.613 -4.72051
162 45.0579 -4.54573
163 50.4777 -4.64559
164 -52.7007 -9.34126
165 -47.4803 -9.14142
166 -42.2106 -9.26625
167 -36.965 -9.1913
168 -31.5455 -9.16638
169 -26.5 -9.26625
170 -21.0553 -9.31624
171 -15.7104 -9.16638
172 -10.5152 -9.39115
173 -5.29506 -9.29128
174 0.0498749 -9.26625
175 5.4449 -9.1913
176 10.7399 -9.24129
177 15.9101 -9.21637
178 21.255 -9.09148
179 26.5002 -9.1913
180 31.9201 -9.09148
181 37.29 -9.09148
182 42.5602 -9.06651
183 47.7054 -9.11639
184 53.0003 -9.11639
185 -50.0779 -13.9619
186 -44.9078 -13.8121
187 -39.5878 -13.9369
188 -34.2426 -13.9119
189 -28.9478 -13.887
190 -23.6781 -13.8121
191 -18.208 -13.887
192 -13.0629 -13.8619
193 -7.71782 -13.7121
194 -2.4477 -13.837
195 2.59754 -13.8619
196 8.04246 -13.887
197 13.5373 -13.7371
198 18.7824 -13.7621
199 23.8027 -13.8619
200 29.2227 -13.8619
201 34.5676 -13.7621
202 39.8377 -13.787
203 45.1077 -13.7371
204 50.5277 -13.8121
205 -52.7259 -18.4327
206 -47.5306 -18.4327
207 -42.3101 -18.5076
208 -36.8906 -18.3828
209 -31.5706 -18.3828
210 -26.1511 -18.3578
211 -21.005 -18.4577
212 -15.8103 -18.3828
213 -10.4153 -18.4077
214 -5.09523 -18.4577
215 0.174781 -18.4827
216 5.56969 -18.4327
217 10.8149 -18.3578
218 15.985 -18.5326
219 21.255 -18.3578
220 26.6001 -18.3578
221 31.8202 -18.4077
222 37.1402 -18.4577
223 42.4602 -18.4077
224 47.9302 -18.3828
225 52.9754 -18.3578
226 -50.1031 -23.0783
227 -44.8827 -23.0783
228 -39.5627 -23.0284
229 -34.2426 -23.0783
230 -28.9478 -23.1534
231 -23.7525 -23.0783
232 -18.3329 -23.0783
233 -13.1378 -23.0034
234 -7.76781 -22.9784
235 -2.47275 -23.0284
236 2.92228 -23.0783
237 7.94248 -22.9285
238 13.3375 -23.1283
239 18.6575 -23.0534
240 24.0774 -22.9285
241 29.4474 -23.0534
242 34.5927 -23.0034
243 39.8127 -22.9784
244 45.2077 -23.0034
245 50.5277 -23.0284
246 -52.6756 -27.724
247 -47.4311 -27.6491
248 -42.1351 -27.724
249 -36.8906 -27.5492
250 -31.7456 -27.6491
251 -26.2506 -27.6491
252 -20.9306 -27.5742
253 -15.8352 -27.5242
254 -10.3654 -27.7489
255 -5.17015 -27.5742
256 0.249703 -27.5991
257 5.39491 -27.6241
258 10.7649 -27.5991
259 16.1349 -27.5242
260 21.305 -27.5242
261 26.6999 -27.6241
262 32.045 -27.5492
263 37.2401 -27.5742
264 42.6101 -27.5492
265 48.0051 -27.4993
266 53.35 -27.5242
